2774
2772
2769
2774
2776
2773
2774
2764
2760
2751
2741
2731
2725
2720
2711
2717
2707
2700
2703
2696
2694
2680
2680
2679
2673
2670
2671
2665
2659
2653
2646
2636
2636
2633
2633
2646
2646
2638
2627
2611
2602
2606
2594
2590
2575
2572
2565
2552
2537
2527
2517
2520
2518
2514
2501
2500
2485
2476
2463
2454
2435
2419
2410
2393
2387
2372
2357
2350
2332
2319
2294
2273
2259
2259
2254
2250
2251
2254
2250
2250
2250
2241
2235
2229
2237
2242
2231
2226
2220
2212
2212
2207
2208
2210
2200
2191
2184
2180
2176
2171
2173
2169
2164
2164
2156
2145
2141
2130
2132
2124
2125
2121
2121
2113
2106
2109
2104
2091
2092
2082
2075
2071
2071
2068
2063
2058
2059
2057
2050
2043
2045
2038
2031
2021
2017
2013
2012
2008
2003
1998
1994
1994
1988
1975
1973
1968
1964
1959
1952
1948
1944
1935
1925
1925
1920
1912
1906
1899
1895
1892
1886
1879
1874
1868
1864
1856
1855
1843
1835
1832
1830
1826
1813
1814
1813
1803
1794
1798
1794
1791
1791
1785
1779
1778
1768
1761
1756
1741
1741
1732
1720
1710
1698
1699
1699
1700
1693
1689
1680
1680
1670
1659
1648
1649
1649
1643
1634
1618
1615
1616
1604
1596
1602
1600
1588
1580
1574
1567
1563
1560
1562
1557
1552
1544
1536
1530
1521
1512
1505
1495
1489
1484
1475
1476
1465
1459
1454
1449
1430
1422
1410
1411
1409
1409
1408
1403
1393
1394
1395
1389
1384
1381
1379
1378
1370
1366
1363
1351
1346
1338
1333
1335
1330
1322
1307
1305
1302
1299
1293
1289
1287
1280
1269
1257
1256
1236
1217
1215
1212
1205
1192
1185
1178
1168
1161
1159
1151
1134
1121
1118
1117
1117
1109
1106
1102
1098
1095
1072
1065
1052
1035
1028
1021
1007
997
977
963
928
902
886
838
838
807
791
792
791
786
784
777
776
769
765
760
758
748
744
739
732
719
708
706
706
699
693
686
685
670
666
663
660
659
658
654
646
637
638
638
640
648
635
620
611
605
610
612
614
615
607
602
602
588
595
594
594
587
583
