335
333
332
332
332
332
329
329
328
328
327
327
327
327
327
327
325
324
323
323
322
322
321
320
319
319
319
318
318
316
316
316
315
315
314
314
314
313
313
313
313
312
311
311
310
309
309
309
309
307
305
305
305
305
305
304
304
303
302
302
302
302
302
302
302
301
301
301
300
300
300
300
300
298
298
297
297
296
296
296
295
295
295
294
294
294
294
294
294
294
294
293
292
292
291
289
289
289
289
289
289
288
288
288
288
287
287
287
287
286
286
286
286
286
286
286
286
286
285
285
285
285
285
285
285
285
285
285
285
285
285
284
284
284
284
284
284
284
283
282
282
282
279
279
278
277
277
277
276
276
276
276
276
274
274
274
273
273
272
271
270
270
270
270
269
269
269
269
267
266
265
265
265
264
262
262
262
260
258
258
257
256
256
256
255
254
254
253
253
253
253
253
253
252
252
252
251
251
249
248
247
247
246
246
244
243
242
241
240
238
237
237
235
232
231
231
230
229
228
228
227
225
225
224
224
223
220
219
219
219
219
219
219
219
219
218
218
218
218
217
217
217
216
214
212
211
210
210
210
210
209
209
209
208
208
207
206
206
206
205
205
204
203
203
203
202
199
199
198
197
195
194
193
191
189
183
183
181
177
175
174
174
173
172
168
167
167
165
162
162
159
159
158
156
156
155
153
153
152
151
147
146
146
146
146
146
145
143
141
139
137
134
128
123
122
122
120
116
110
105
100
96
95
91
85
83
81
78
77
76
73