886476
881083
875968
872149
866818
863901
857486
853358
849380
844582
841067
838871
834367
829620
826357
822971
819044
815748
811985
807873
805049
800314
794799
788300
782725
776736
771704
766279
761076
754361
749527
744860
740149
734649
728253
720351
713830
707106
707080
705351
704139
702225
700873
699714
697540
695098
692612
690475
688879
686788
683720
680604
678878
676961
674581
672456
671049
669055
667455
664428
661545
659658
658413
657153
655783
654098
652870
651493
649278
646818
643638
642325
639102
635243
632876
631175
629808
627854
625528
623505
622142
620612
616862
614998
612241
610191
608992
608741
607913
606404
605082
603206
600730
598496
594440
591029
588987
586927
583978
583050
581653
579589
578193
576972
575345
573733
572418
570434
566963
564380
562826
561673
560242
558250
556993
555927
553290
550591
548553
547120
544978
543248
541303
539994
539346
537372
535617
534109
532459
531282
528902
526867
523547
521001
520205
519636
518558
514916
513290
511313
508451
505797
501546
500516
497882
496208
494567
492763
490783
487893
486089
484567
480507
476909
474606
471316
466793
463634
462034
460378
458977
457044
456082
454000
451949
449210
446149
443440
440305
438614
435413
433047
428832
426253
423401
420172
418244
416537
412801
409827
405990
403028
401033
400070
397764
396788
395372
392723
390747
388564
387214
384914
382456
379361
376735
375202
372541
370288
367404
363313
360466
359088
356396
351795
346984
342526
341555
339688
338198
335046
332422
330029
327640
323542
320898
319686
317671
315695
314165
312305
310142
306635
303970
301534
299676
297198
293721
291206
289432
286316
285800
285151
284469
283232
282219
280652
279059
276702
274085
272521
268222
264151
262521
259319
255360
251563
248745
247304
245229
243870
242169
240509
236959
233148
232631
231317
230177
228460
227735
225975
225136
223452
217568
216106
213473
209152
204505
203202
199306
196436
190497
186734
179148
172320
167381
153316
153316
146076
140032
138572
137688
136783
135574
133705
130309
128501
127672
125417
122780
121121
118282
117510
115617
112190
110520
109498
107948
106924
105261
103569
100640
97747
97204
96778
96376
96179
95390
93554
91115
90000
87380
85445
81857
79711
77524
75650
73311
70204
67066
64265
61418
59034
57624
54748
51162
48845
48155
46369
45724
44591
42544