2275
2274
2272
2267
2262
2262
2258
2254
2245
2236
2234
2226
2219
2210
2203
2198
2193
2189
2188
2187
2182
2181
2178
2177
2176
2176
2176
2173
2168
2166
2164
2163
2160
2160
2156
2153
2147
2145
2142
2135
2130
2125
2123
2122
2121
2120
2115
2113
2113
2112
2111
2109
2107
2101
2097
2091
2087
2083
2074
2069
2063
2058
2057
2049
2045
2038
2036
2033
2028
2026
2024
2024
2022
2022
2022
2019
2017
2017
2017
2016
2014
2011
2008
2005
2004
2004
2001
1999
1997
1996
1994
1990
1988
1985
1985
1985
1983
1983
1983
1982
1982
1981
1979
1977
1970
1970
1969
1965
1963
1963
1961
1958
1956
1955
1953
1952
1951
1950
1950
1950
1949
1949
1946
1944
1943
1942
1940
1934
1934
1929
1927
1926
1923
1923
1921
1917
1912
1908
1905
1905
1904
1904
1902
1900
1898
1897
1897
1897
1893
1892
1890
1887
1885
1882
1877
1876
1872
1870
1868
1867
1865
1864
1861
1859
1859
1859
1859
1855
1854
1852
1851
1851
1849
1849
1848
1844
1843
1838
1834
1828
1823
1818
1811
1807
1797
1792
1789
1784
1783
1779
1779
1775
1772
1772
1772
1772
1770
1767
1765
1763
1763
1761
1759
1757
1755
1751
1749
1745
1739
1733
1731
1728
1724
1724
1723
1721
1719
1718
1717
1715
1714
1712
1709
1709
1706
1700
1697
1692
1689
1686
1682
1679
1675
1672
1671
1667
1664
1662
1661
1659
1657
1655
1655
1653
1653
1649
1647
1641
1632
1627
1624
1618
1614
1612
1608
1603
1597
1594
1589
1585
1582
1579
1578
1575
1574
1573
1571
1571
1567
1564
1558
1556
1554
1552
1550
1548
1540
1539
1536
1531
1527
1521
1517
1512
1508
1508
1507
1505
1500
1499
1498
1492
1487
1483
1476
1468
1455
1442
1427
1419
1410
1393
1389
1380
1371
1354
1338
1318
1298
1275
1248
1248
1233
1223
1221
1219
1214
1208
1196
1192
1184
1163
1154
1140
1126
1111
1094
1086
1074
1061
1050
1027
1016
1008
1001
992
982
979
978
974
961
949
935
920
900
886
863
840
828
804
772
742
702
655
624
603
579
562
548
530
512
509
502
493
483
467
