7466362
7464457
7458936
7447942
7436239
7423320
7406001
7386934
7360655
7335760
7313955
7280648
7248067
7203204
7169472
7133218
7099014
7064018
7029541
7001012
6974096
6958341
6947049
6929572
6912784
6907170
6901349
6888924
6874231
6857910
6831135
6809228
6759274
6736068
6703923
6669570
6636673
6608116
6572425
6534434
6495143
6461350
6430957
6403473
6385701
6370845
6350468
6337446
6330092
6320514
6305202
6284091
6261553
6224115
6184843
6135258
6082393
6031483
5976617
5919983
5865601
5812469
5749220
5690743
5631126
5570943
5518427
5476869
5442696
5414099
5376797
5351514
5348772
5344872
5339654
5329524
5320220
5303755
5285685
5264277
5242855
5222777
5198107
5180360
5163290
5139742
5119905
5102879
5085918
5068127
5048295
5032268
5022086
5014510
5003419
4992376
4989505
4984990
4980499
4974335
4962270
4945476
4926760
4906019
4887274
4867810
4845228
4826336
4806395
4787218
4764770
4745738
4731850
4713343
4694329
4680605
4667858
4660924
4649656
4638858
4634685
4629971
4622722
4615311
4604301
4584291
4567047
4548195
4524689
4506546
4482952
4462981
4441362
4421450
4399603
4375726
4354317
4331912
4313781
4298689
4288505
4281518
4269006
4257900
4250416
4246809
4241889
4232468
4219343
4200016
4182950
4160365
4140675
4118043
4094286
4074867
4056397
4039179
4016947
3996616
3979857
3959761
3945632
3932884
3923519
3914195
3902871
3892887
3887421
3881544
3874280
3864553
3855605
3841718
3829354
3811451
3789192
3771071
3746276
3722207
3693341
3663300
3644593
3606125
3576803
3548253
3526156
3508391
3496064
3488430
3472738
3459713
3455820
3451853
3445143
3438074
3428616
3419000
3398699
3380878
3363631
3345178
3321756
3298845
3277958
3254669
3227433
3200544
3171246
3144805
3119353
3104181
3090850
3079713
3068585
3056728
3052216
3044847
3033545
3024275
3013093
2995331
2976761
2953090
2930840
2910565
2886059
2865322
2845132
2822820
2796589
2776481
2753132
2731555
2706672
2688792
2675041
2666356
2654051
2641357
2638114
2632818
2627142
2617265
2605205
2585776
2568626
2548599
2524490
2507213
2484969
2465025
2444180
2420279
2394397
2367665
2347840
2325320
2304171
2289191
2278140
2270667
2258237
2247876
2244335
2239627
2230748
2221786
2210154
2190813
2172870
2151423
2126130
2101212
2076499
2058807
2038912
2011462
1987819
1965748
1945445
1923835
1900881
1883411
1872741
1862392
1851031
1840400
1836564
1833388
1825564
1812274
1801296
1779112
1751466
1715728
1681479
1652400
1615712
1587374
1542077
1512253
1481232
1445528
1397392
1349158
1294351
1241753
1186433
1105700
1105700
1061171
1031450
1027563
1022302
1010397
1001284
988709
975930
959865
938555
922812
904100
884454
867503
848327
834604
818840
803891
788845
770649
757163
748544
741782
733151
724213
720556
717094
711056
700433
689167
672570
657487
657487
623843
605926
585506
569003
548278
522366
494142
466264
434316
409326
391775
375361
363230
354001
343240
331998
328864
324481
317822
309002
296682
