3282
3283
3283
3285
3285
3282
3280
3277
3279
3281
3274
3271
3266
3259
3254
3245
3237
3227
3213
3201
3196
3190
3190
3183
3177
3174
3172
3171
3171
3166
3157
3148
3140
3140
3124
3106
3106
3094
3085
3078
3068
3057
3043
3031
3019
3012
3012
3005
2999
2997
2994
2990
2982
2980
2968
2958
2940
2920
2908
2889
2870
2850
2826
2806
2783
2763
2736
2714
2701
2686
2675
2657
2647
2645
2643
2645
2642
2638
2630
2622
2614
2607
2601
2593
2585
2576
2569
2561
2555
2548
2542
2537
2531
2530
2526
2521
2518
2516
2514
2513
2510
2505
2499
2492
2490
2481
2472
2466
2459
2448
2441
2433
2426
2420
2413
2405
2399
2394
2390
2384
2380
2378
2379
2378
2375
2371
2363
2361
2352
2346
2339
2328
2321
2310
2302
2295
2289
2282
2274
2264
2252
2252
2251
2247
2243
2241
2239
2236
2236
2230
2222
2217
2207
2200
2194
2182
2177
2169
2162
2152
2143
2135
2128
2122
2116
2111
2106
2104
2100
2099
2097
2093
2090
2085
2079
2077
2068
2062
2056
2049
2042
2032
2023
2017
2007
1996
1983
1977
1968
1965
1961
1956
1952
1950
1948
1944
1942
1940
1935
1928
1918
1910
1902
1891
1880
1872
1861
1850
1840
1830
1817
1805
1801
1793
1787
1783
1778
1777
1773
1769
1764
1760
1753
1742
1731
1724
1715
1706
1696
1688
1678
1666
1658
1647
1635
1624
1616
1610
1605
1600
1594
1594
1591
1589
1583
1580
1570
1565
1562
1552
1544
1536
1527
1516
1505
1494
1483
1473
1463
1454
1447
1443
1439
1434
1428
1427
1426
1420
1418
1413
1406
1396
1384
1370
1356
1341
1337
1325
1310
1298
1287
1279
1268
1257
1249
1242
1236
1230
1227
1225
1224
1224
1219
1215
1205
1193
1179
1166
1158
1139
1126
1107
1089
1073
1054
1032
1008
982
957
931
886
886
861
843
842
839
832
829
827
819
811
807
800
793
785
781
775
769
762
758
751
750
745
743
741
739
737
736
733
730
729
726
719
715
710
704
702
697
687
682
677
666
664
663
656
650
648
646
646
648
648
646
646
645
640
635
