2578
2578
2569
2559
2544
2533
2523
2506
2496
2482
2474
2472
2471
2467
2465
2465
2464
2458
2457
2441
2422
2403
2385
2374
2362
2350
2338
2323
2307
2289
2276
2251
2235
2222
2221
2216
2207
2202
2202
2204
2202
2200
2198
2195
2186
2179
2175
2174
2168
2162
2159
2153
2150
2146
2138
2131
2125
2117
2114
2113
2114
2111
2110
2107
2104
2101
2099
2093
2095
2087
2082
2076
2074
2066
2064
2060
2054
2047
2044
2041
2033
2027
2020
2017
2017
2013
2012
2009
2009
2006
2004
2003
1995
1987
1980
1975
1966
1958
1953
1948
1944
1942
1935
1927
1920
1909
1909
1909
1905
1901
1900
1898
1896
1894
1892
1887
1878
1873
1873
1866
1861
1852
1846
1838
1829
1825
1821
1815
1808
1803
1798
1793
1791
1786
1784
1780
1777
1777
1776
1771
1765
1757
1749
1743
1735
1727
1721
1711
1704
1698
1689
1677
1668
1659
1653
1649
1645
1639
1637
1636
1637
1636
1631
1620
1618
1614
1603
1600
1592
1587
1582
1572
1565
1553
1541
1530
1522
1513
1511
1506
1499
1496
1494
1492
1491
1486
1482
1476
1469
1463
1454
1447
1441
1435
1425
1416
1410
1403
1394
1385
1380
1372
1368
1361
1357
1353
1352
1351
1348
1344
1341
1338
1329
1321
1318
1310
1298
1291
1281
1276
1268
1260
1257
1247
1244
1237
1230
1227
1222
1219
1218
1217
1217
1213
1209
1201
1193
1185
1183
1178
1168
1162
1151
1143
1133
1123
1113
1103
1096
1088
1082
1080
1078
1076
1076
1074
1073
1069
1062
1056
1048
1033
1027
1014
999
997
982
972
963
945
936
927
899
874
849
808
808
798
786
787
786
784
779
771
766
761
761
756
755
743
736
728
722
715
712
708
702
697
694
689
688
687
687
686
682
682
683
681
680
676
671
668
663
658
652
654
646
635
617
614
606
603
599
598
597
599
600
598
593
595
593