762
762
762
762
762
762
761
761
761
761
761
758
758
756
756
755
754
753
753
751
750
748
748
748
747
747
747
746
746
746
745
744
744
743
743
740
739
738
737
737
735
733
733
732
732
732
731
729
728
728
727
726
726
724
724
722
721
720
716
712
710
707
705
702
701
698
698
696
694
691
690
690
690
690
689
689
689
689
688
688
688
687
685
684
684
683
683
682
681
681
681
681
681
680
679
678
678
678
678
678
678
678
678
674
674
673
673
671
671
670
668
667
667
665
664
664
664
664
664
663
663
663
663
663
663
663
661
661
661
661
660
660
660
659
659
657
655
655
655
654
654
654
653
653
653
653
653
653
652
652
652
652
650
647
647
646
646
646
645
645
644
643
643
643
643
643
643
642
642
642
642
642
641
640
640
640
640
640
640
640
640
639
638
638
635
633
632
632
632
632
632
631
631
631
631
630
629
629
628
628
627
627
626
626
624
623
623
622
622
620
619
618
618
617
616
616
615
615
615
615
615
615
615
614
612
609
608
604
602
601
598
596
595
595
595
594
593
592
592
592
592
592
592
592
592
592
589
588
587
583
582
581
581
580
578
578
577
573
573
570
570
570
568
568
567
567
567
566
566
566
565
564
561
557
555
554
551
550
547
546
544
540
540
538
538
538
535
532
530
530
530
529
529
529
525
523
523
518
516
515
512
507
504
501
500
494
491
484
483
481
476
476
472
471
469
468
466
466
465
461
455
445
444
437
433
429
426
420
415
409
404
400
396
394
393
389
386
385
384
382
379
374
368
359
354
350
344
333
322
313
302
297
284
274
263
255
243
239
235
228
218
214
212
211
206
201
