2110166
2108957
2107315
2105816
2103979
2100115
2094259
2087585
2081259
2074737
2069554
2061024
2054689
2047164
2039352
2030975
2021640
2012195
2001416
1992027
1987247
1981571
1978055
1974537
1971948
1970640
1969201
1966562
1962992
1959472
1953262
1947476
1940366
1932454
1924754
1914289
1905403
1896088
1885779
1874652
1861416
1849071
1837172
1826854
1816591
1810945
1806944
1801097
1795870
1794288
1792241
1788653
1784823
1778746
1767108
1748948
1732863
1717073
1699950
1681737
1668166
1652667
1637627
1619636
1604741
1588418
1570999
1555444
1542369
1534723
1529019
1523071
1519441
1519170
1518537
1517360
1516030
1514221
1509874
1503942
1499000
1494304
1489125
1483151
1478940
1474793
1470619
1466183
1461538
1456135
1451093
1446837
1441485
1437571
1434920
1433068
1431054
1430807
1428716
1426665
1424461
1423039
1419020
1412111
1406867
1401428
1396954
1391478
1386618
1382816
1376171
1369749
1365397
1359229
1354973
1350053
1345895
1341212
1339429
1337571
1334477
1333625
1332089
1331726
1330287
1328865
1324222
1319015
1313678
1308561
1303230
1297510
1292205
1287271
1283701
1277218
1271718
1267554
1261883
1255920
1251717
1248684
1246362
1243867
1241412
1240447
1239371
1237990
1235159
1233622
1230165
1224196
1217483
1212102
1207449
1201967
1196360
1192464
1185254
1179692
1175198
1171019
1166835
1162284
1159373
1156357
1152755
1149658
1146692
1145568
1143050
1140566
1139204
1136494
1133753
1129512
1124686
1119213
1115421
1110382
1105144
1099744
1091728
1087355
1078232
1069413
1059574
1054482
1048567
1044838
1041896
1037744
1034122
1032960
1032247
1031171
1028987
1026050
1022000
1016381
1011748
1005385
1001790
996333
990508
985872
979277
973408
965664
955462
947189
940687
935243
932076
927871
923397
920325
919054
917276
916677
914125
911491
907716
902125
895331
885739
879533
870321
864093
856547
846934
840386
834775
829576
824226
819698
813710
809578
805835
803251
800989
800430
800045
797878
795503
793817
787850
781719
775458
768487
762677
754350
749795
742916
737727
732639
727001
719975
714786
708818
704878
701223
697137
694311
691129
690804
689897
688825
686738
684181
678473
672886
664860
658779
653528
646974
640378
633019
625023
618707
610767
601207
595559
589393
585130
582186
577973
573384
570374
570088
569108
567498
565405
561847
554541
547884
540388
532090
523125
514538
510402
497694
489746
482243
472367
462591
454983
435096
422371
408466
384425
384425
376774
370169
369103
367764
365118
362834
358505
353035
346353
338556
335870
329753
321745
315899
310271
303388
296870
291175
286012
280609
276071
273256
270886
267732
265103
264331
263247
260690
258396
255589
250522
244146
240000
234784
229688
220755
211777
204066
197452
191723
180207
169101
161416
154533
146466
143050
140552
136143
130476
128478
126681
125221
122516
119225
