594
590
590
588
588
586
585
584
582
580
579
579
579
579
579
579
577
576
575
574
574
573
573
570
570
565
562
560
560
559
557
557
557
557
556
556
554
554
554
554
552
551
549
548
547
546
544
544
544
543
542
539
539
538
538
537
536
536
536
536
536
536
536
535
534
534
534
533
533
533
531
531
530
530
530
530
529
528
528
527
527
527
527
526
525
525
525
525
523
522
522
521
521
518
517
517
516
516
515
514
514
513
512
512
512
511
510
509
509
509
509
509
509
509
508
508
508
504
502
501
496
495
495
495
493
492
492
492
490
490
490
489
487
487
486
486
485
484
483
483
481
481
479
477
477
475
474
473
473
469
468
466
464
464
462
462
460
460
459
458
458
457
457
457
452
452
452
452
449
447
445
445
441
441
441
440
439
438
438
438
438
438
437
437
437
437
435
433
433
430
428
425
424
422
420
419
418
415
411
409
408
406
406
405
405
405
405
405
405
405
405
404
403
402
401
400
400
397
394
394
393
393
391
389
388
386
386
385
385
385
385
385
383
382
382
378
376
375
373
372
371
367
365
363
361
361
360
359
358
357
357
357
357
354
354
353
353
352
351
348
342
339
338
336
334
333
331
327
325
322
318
313
311
309
304
300
300
294
293
292
291
291
290
288
282
277
273
270
267
263
260
258
252
249
245
239
236
231
226
223
220
218
217
215
215
213
209
207
204
201
198
192
186
180
174
171
165
159
149
141
133
129
124
119
113
105
103
101
99
93
89