1445786
1437120
1429096
1418885
1409387
1400532
1392746
1385774
1379241
1370456
1364924
1361568
1356887
1352565
1350579
1345786
1339780
1334920
1330198
1322240
1314812
1302951
1291499
1280014
1266400
1252290
1238646
1225285
1215017
1204973
1194888
1186820
1179625
1171891
1164480
1158057
1149311
1144280
1143548
1142111
1139381
1136543
1135064
1131442
1127579
1122721
1117931
1114345
1109853
1104643
1100157
1096684
1091932
1087875
1084090
1079471
1075779
1072090
1069200
1067333
1063111
1060713
1060261
1058508
1055991
1054199
1052594
1049192
1045705
1042064
1036103
1032245
1027224
1022235
1017661
1013955
1008925
1005103
1000609
997792
994616
991888
988852
985555
982825
979947
979279
977643
974859
972209
969816
966092
963262
958100
952082
947407
942018
938723
933888
930685
927478
923373
917239
913573
909144
905519
902334
899762
897091
894369
889943
888247
886879
884615
882195
878849
875365
869282
864240
859899
853523
849189
846436
842815
838296
834540
831311
827391
823054
819485
816667
813849
810335
807922
806802
806170
804385
802091
799400
797478
793902
790944
786509
782992
778559
773143
767382
763029
757994
749470
744498
738883
733725
729542
724881
721688
717951
716208
714010
712481
711448
709823
708883
704000
700286
696101
692438
688677
682474
676190
671845
666326
660423
654980
649880
644050
638598
634888
630958
627384
623133
619427
616185
614554
613089
610511
607526
603131
599888
595785
590185
585191
579820
575336
569866
566209
562130
556471
550758
545266
539890
536968
534604
531947
528942
526207
525517
523834
521425
519485
516637
513212
509734
505335
501126
497802
493766
489633
482880
479020
475176
471504
466676
462449
458788
455762
453007
450016
446950
445039
444204
442915
439868
438429
436271
431523
427364
422215
418469
415685
411826
407086
402119
399021
395072
390470
387140
380414
374900
372427
369666
367352
364008
360804
359415
358197
354231
352834
351275
347941
342806
337528
332720
328567
322871
316653
306162
299353
293232
287426
276323
265449
258479
248482
238991
225506
225506
212060
209697
209028
208255
206966
204396
201848
197755
192714
188455
183705
179892
175756
172123
169441
165843
161880
158303
154175
151541
147335
143623
140642
138359
136466
135643
134348
133878
131733
128887
126350
124109
120000
118405
114091
108103
103693
100134
97358
92713
89383
82900
78274
74281
70590
68097
64618
61277
56883
56091
55106
53481
50026
48273