2436
2436
2422
2413
2397
2390
2381
2373
2370
2363
2357
2352
2344
2336
2333
2324
2322
2318
2313
2304
2291
2274
2254
2246
2222
2216
2204
2188
2170
2156
2145
2131
2118
2104
2094
2083
2075
2065
2064
2062
2064
2063
2068
2065
2061
2056
2055
2048
2040
2034
2030
2035
2026
2022
2015
2010
2007
2000
1995
1991
1983
1979
1978
1979
1978
1974
1971
1968
1962
1955
1951
1944
1938
1929
1920
1913
1907
1904
1895
1893
1887
1882
1876
1874
1872
1867
1865
1862
1864
1862
1858
1854
1849
1850
1842
1833
1826
1819
1813
1811
1804
1800
1791
1784
1776
1769
1769
1768
1762
1757
1748
1745
1742
1738
1737
1730
1723
1725
1722
1716
1721
1716
1710
1703
1700
1696
1690
1682
1680
1672
1667
1664
1664
1659
1660
1659
1659
1657
1655
1651
1651
1644
1642
1641
1632
1628
1619
1613
1603
1598
1591
1586
1581
1572
1569
1562
1561
1557
1556
1556
1553
1553
1551
1546
1546
1540
1530
1524
1520
1513
1510
1497
1498
1485
1474
1464
1455
1450
1441
1432
1423
1414
1410
1406
1403
1397
1397
1393
1385
1386
1379
1377
1368
1363
1357
1351
1345
1341
1340
1333
1323
1323
1317
1313
1306
1299
1298
1293
1287
1283
1276
1270
1265
1257
1250
1245
1234
1233
1226
1216
1209
1200
1194
1189
1182
1181
1174
1169
1161
1156
1154
1150
1148
1148
1142
1142
1137
1126
1122
1117
1110
1109
1102
1099
1094
1082
1075
1060
1047
1043
1035
1029
1020
1019
1015
1015
1003
1002
1001
1000
1002
996
984
978
967
951
925
915
902
893
869
848
831
804
786
752
752
721
716
716
716
711
705
701
701
696
690
680
674
668
662
657
658
650
646
645
642
638
636
631
629
626
625
625
623
618
617
610
608
602
598
594
581
576
575
569
562
562
556
555
559
547
549
543
542
542
545
546
540
538
542