986594
982967
976930
971419
966214
961512
955837
951221
944665
938904
934536
931196
927650
923901
922735
921051
918498
915068
913516
908037
903290
895998
887493
881999
875860
869540
861240
854277
844642
835850
827710
819542
811789
806081
801524
799449
793989
789966
789711
789048
788046
787786
786631
783938
781863
778517
775219
772963
770216
766990
763380
761987
759933
757909
754374
750788
747085
743709
741149
739611
737391
736156
735504
735316
733775
732241
730311
727322
724154
722450
719645
715908
709168
705874
703606
700649
697590
695473
691580
688801
686423
683912
681305
679174
677909
676026
675534
675441
675228
673079
672378
669489
667362
664467
662197
659954
656516
654726
652044
649389
646397
642660
638016
634749
631968
628989
626351
625014
623101
620514
620050
619740
618922
617224
615205
614117
611168
608302
605451
601522
599066
596252
594634
592104
589720
587446
583217
580324
575341
572447
569656
568385
565696
563842
562992
562660
562155
561590
560029
557588
555165
553096
551374
548576
545336
541237
538261
534270
530880
526802
523597
519572
515200
512474
510226
507339
505034
503337
502858
502678
501479
499030
498389
497000
495062
491841
489395
485583
482489
478877
473931
470621
466940
463018
460013
455438
452131
449080
446909
445644
443813
441545
440339
440082
439373
438621
436463
431842
429516
424809
421237
418177
415319
412220
410130
406847
405345
401509
398221
394428
391564
388390
386328
382903
381403
379708
378434
378012
376784
374998
373437
371146
368818
366141
364515
362533
358956
355461
350999
347657
342787
339060
335488
330188
327339
323625
321190
319836
318107
316039
315584
313623
312498
311848
309925
307388
305503
303214
299038
295557
291899
290272
288197
283816
280829
278598
273479
271527
268235
264758
262370
260762
258746
257062
256340
253903
253108
250867
249710
247747
244280
240172
237168
235319
229522
226704
220918
216325
212669
208812
201238
194487
184921
178088
169592
154046
154046
144636
141918
140729
139757
138341
137290
134784
132446
130009
126676
125247
122649
120441
117723
114212
112279
110360
108107
104954
102471
99608
98080
96238
93973
92152
91514
90570
90093
89439
87996
86112
84573
82000
80219
79133
76891
73897
69594
65583
60090
55827
51757
49178
46743
44937
40825
39174
37319
36302
36280
35798
35406
35064
32998