2664
2664
2648
2640
2633
2620
2619
2606
2602
2608
2596
2587
2577
2566
2563
2558
2558
2570
2566
2558
2544
2538
2521
2506
2495
2484
2468
2455
2441
2416
2399
2382
2367
2357
2351
2344
2335
2323
2323
2321
2325
2324
2320
2313
2306
2303
2300
2300
2292
2283
2272
2268
2275
2269
2259
2255
2243
2240
2232
2228
2221
2217
2215
2215
2210
2212
2206
2197
2194
2189
2181
2169
2156
2152
2145
2149
2140
2133
2121
2113
2106
2098
2096
2096
2092
2087
2085
2085
2084
2084
2082
2073
2066
2064
2057
2050
2045
2046
2044
2042
2039
2027
2025
2015
2006
1995
1995
1990
1984
1982
1981
1980
1977
1978
1972
1968
1965
1956
1953
1947
1939
1930
1924
1916
1908
1901
1900
1890
1893
1889
1886
1882
1873
1867
1870
1869
1868
1866
1861
1859
1851
1844
1838
1829
1818
1822
1818
1805
1800
1786
1787
1779
1764
1755
1747
1737
1736
1730
1728
1727
1723
1715
1713
1710
1701
1696
1688
1674
1670
1663
1651
1646
1633
1630
1620
1604
1598
1587
1585
1580
1579
1571
1567
1566
1564
1561
1553
1548
1539
1523
1515
1510
1505
1499
1491
1490
1485
1476
1464
1450
1440
1433
1426
1413
1407
1401
1396
1395
1395
1394
1393
1395
1387
1376
1370
1363
1360
1346
1335
1337
1329
1324
1311
1300
1299
1289
1280
1274
1278
1269
1267
1260
1255
1252
1245
1250
1242
1233
1221
1211
1196
1190
1186
1173
1165
1156
1139
1131
1122
1117
1112
1105
1096
1089
1091
1090
1091
1086
1081
1077
1071
1063
1049
1041
1025
1017
991
983
971
958
936
913
876
860
827
778
778
746
739
741
743
744
742
733
736
735
728
728
717
708
705
709
697
698
702
695
692
682
676
678
671
663
658
661
658
658
652
647
646
646
642
638
641
637
621
613
619
607
595
593
592
584
600
594
602
595
595
597
600
594
589