369
369
369
368
367
367
365
365
363
360
360
360
360
360
360
360
359
356
356
355
355
353
352
352
351
350
349
348
346
346
345
344
343
342
341
341
340
340
340
340
339
339
339
339
339
338
337
336
336
336
336
336
334
334
334
333
333
332
332
332
332
332
332
332
332
331
331
331
330
330
330
330
329
328
328
326
326
326
326
326
326
326
325
324
324
324
324
324
324
323
323
323
323
322
322
322
321
320
319
318
317
317
315
315
315
314
314
314
314
313
313
313
313
312
312
312
311
311
310
309
309
309
309
309
309
309
307
307
304
303
302
302
302
302
301
301
301
301
301
300
300
300
300
300
300
297
296
296
295
295
293
292
292
292
292
292
291
291
291
291
291
291
291
291
290
290
290
290
289
288
287
286
286
284
284
284
283
283
282
282
281
281
281
281
281
281
281
279
279
279
278
277
276
275
275
273
273
272
272
272
272
271
271
271
271
271
271
271
270
269
268
266
266
266
266
266
264
264
263
260
258
256
256
254
252
251
251
251
249
249
249
249
249
249
249
246
246
246
245
244
244
244
243
242
241
241
240
240
239
237
236
236
236
236
235
233
232
231
231
230
228
226
226
226
224
223
223
220
219
218
215
213
211
207
205
198
198
194
192
190
188
186
185
184
180
177
174
172
171
170
167
161
161
158
154
151
148
146
145
142
140
139
139
137
137
136
135
133
131
129
125
124
120
116
112
107
97
92
87
83
79
77
68
66
62
61
61
60
59
59
56